.Random.seed <-
c(403L, 10L, 1692845305L, 1724518027L, 476765882L, 1854476732L, 
-631610625L, 295573077L, 2096820588L, 758854082L, 1745611293L, 
236819095L, -1689781250L, -1270171720L, -719565925L, 2031686137L, 
-444448440L, -2076943242L, -78272079L, 1071708131L, -1877277518L, 
847808772L, -1272024505L, 394540317L, -2025483372L, -584964294L, 
260541317L, -651149217L, 588006118L, -1987163792L, 650277523L, 
1615711025L, 214850016L, -1707000194L, -1379523319L, -1487595717L, 
-736219382L, 1675300588L, 1567071087L, -794375003L, 1448013404L, 
655091250L, 757069101L, 1217709031L, -1884953842L, -432405272L, 
-277266709L, -1253666935L, -933197032L, 582745670L, 179359393L, 
-609136333L, -22830942L, -2055639148L, -367878633L, -1090082291L, 
224567076L, -1111323894L, 122963573L, -391375409L, -61964586L, 
-796237184L, -1047917373L, -1022104991L, -1420778800L, 511194158L, 
354064857L, 1601873387L, -940036006L, 1445323292L, -1265872097L, 
2014652277L, 436694540L, 2040240098L, -1315717955L, -357041353L, 
-398973986L, -1893900008L, 686294139L, 1611815449L, -1102091608L, 
-2135211946L, 206822609L, -2078865277L, -1797014766L, -968040796L, 
1230695015L, 1912611773L, -868770508L, -407464294L, -371948315L, 
-2094320001L, -1033945082L, 1164518288L, 214076979L, -530612783L, 
1843896192L, -1883385250L, 238627241L, -1057994661L, 271659114L, 
-914923252L, 1896561487L, -305248251L, -1683786052L, 819212178L, 
1442528397L, 1124453063L, 117984174L, 1877009928L, 712374795L, 
2002025193L, -584342088L, 1282441830L, 2133831425L, 66423187L, 
-600432062L, -1719523852L, -2048802825L, 88540141L, 1086172292L, 
-331148630L, -1680332779L, 875647151L, -349028682L, -840028960L, 
-623046621L, 907226945L, -609529296L, -1534103474L, 767373497L, 
1565967563L, 1692174714L, 1399968892L, -439623489L, -1319729771L, 
-831261268L, -895004798L, 233600349L, -1739322281L, -1560712386L, 
-1372900488L, 1660690523L, -1560614983L, 1189377544L, -1709259594L, 
162194417L, -1120883165L, -325415310L, -526682940L, 1795834503L, 
-1279116707L, -1474823084L, -1411983750L, -1007802939L, 1017153311L, 
81060518L, -330152912L, 599291603L, 1546343665L, 2101768224L, 
1076602558L, 553579209L, 1150486651L, 1373218378L, 1271571116L, 
983643567L, 1977963877L, -621944036L, 455116658L, 573709293L, 
-162976729L, -24243122L, -667879256L, 1039652523L, -106708023L, 
-1751703592L, 1797125766L, -787566751L, 130638579L, -1881301662L, 
-1614529580L, 1897103063L, -847330099L, -1901034396L, 33393226L, 
-1778479179L, 1998975759L, 1050136598L, -1664492864L, -663765885L, 
1366542497L, 1197858448L, -1675895442L, -774542567L, -1119391829L, 
180129178L, 2038053212L, -281784225L, -1212620747L, -46484532L, 
-1933002974L, -1589147267L, 1445569143L, 243129246L, 424610392L, 
-152525893L, 768533849L, -503824664L, -502808810L, 1574752401L, 
-549655229L, -804652974L, 1397689060L, -781841113L, -804104835L, 
378682484L, 981706330L, -1632705883L, -1010112321L, 1723423558L, 
990128592L, -1059931149L, 1160373009L, -1976880320L, -2003870946L, 
-2116148247L, 426060059L, 728302378L, -1892337924L, 941502450L, 
-764896128L, 443988212L, 1456071816L, 875021626L, -1660177584L, 
693877868L, -2026762092L, 1049164114L, 732563168L, -887545652L, 
1073860768L, 1426739586L, 983634152L, -920465172L, 244412476L, 
1438445682L, 1454823536L, 1486494244L, 1482601016L, 1213129242L, 
120432848L, -668985796L, -959728492L, -885824382L, -2143006784L, 
-1527184068L, -1132906864L, 791350306L, -1044740088L, -2088758132L, 
755054620L, -2084641646L, 854338688L, 1240038420L, -916749528L, 
-1191867334L, -891843376L, 1221381228L, -32049484L, 69820434L, 
797568992L, -1173310516L, 1188361696L, -488309726L, 1909028136L, 
61219084L, -1154159044L, -1215023886L, 41244912L, -532306108L, 
1135964248L, -1110820294L, -449615632L, -370773316L, -1570979308L, 
-1422230334L, 1318192736L, -1083099780L, 524025040L, -1686361054L, 
915290280L, 875175308L, -174540356L, 829650994L, 586361664L, 
1011545780L, 506261832L, 1090871994L, -932333808L, 2137688300L, 
70031444L, -1626796270L, 21295520L, -674508852L, -931236000L, 
1472881858L, 1433513512L, -1386690132L, -1033223364L, -2064788622L, 
1813337904L, -970323932L, -236184008L, 22528730L, 1611110288L, 
-1646818052L, 950232468L, -1780223166L, 1834023424L, 1868765244L, 
-1087391152L, -1508237150L, -1672314040L, -1576381940L, -84512036L, 
-79058862L, -1384620928L, -195629228L, -562888728L, -34428166L, 
2045542224L, 652100652L, -1786945164L, 631281298L, -361711008L, 
497260684L, -1736423072L, 1641339106L, 1801733288L, 1097010892L, 
-1521395204L, 1318970290L, 824130544L, -2072077884L, 164113752L, 
973064570L, -714081872L, -1566473796L, 1026391636L, 2107075010L, 
373885728L, -564012100L, 1927372880L, 1671472098L, 1227687784L, 
-1944953012L, -990494980L, 147930866L, -502956800L, 1287926900L, 
1037016584L, -42754630L, 1667663312L, -174563348L, -47744108L, 
-1205284654L, 205884512L, -1250552500L, -246895840L, -1046644094L, 
-440196632L, -1270406164L, -961182148L, -959791502L, 1073091440L, 
-151974620L, -414119368L, -470191718L, 1057261008L, -721177156L, 
1347511956L, 479871618L, -848665152L, -1238708420L, -1508756848L, 
900532002L, -2098522616L, 1971622668L, -1588835428L, 1301488658L, 
-1424166016L, 1314040596L, -1621121752L, 1156689978L, 19256272L, 
563841644L, -274158540L, -1676126062L, 1566179680L, -1522574004L, 
-1306063392L, -1912933470L, 1842584488L, 1014983820L, 1574421436L, 
2062724210L, 909428720L, -405261244L, -2100754344L, -933912518L, 
1802457200L, 1285031484L, 1646216980L, 1404541634L, -973847840L, 
-26858372L, 743124176L, 469400482L, -1087115736L, -645773044L, 
339417020L, -1796662990L, -1595440960L, 1632514612L, 1737853640L, 
-1629443398L, 1178203280L, -631056660L, 393936468L, 1191610002L, 
-605010144L, 789182412L, 548241632L, 1760542402L, 1342747688L, 
-1042408532L, -474727748L, -1736095246L, 1219991088L, 338851748L, 
343355832L, -926465190L, -982305648L, 691841916L, 1466443540L, 
-1519137470L, -257970432L, 1025905596L, 957763408L, 1654671650L, 
1110925896L, -1752756212L, 139498588L, 142340562L, -1390445056L, 
-1178545180L, -978046187L, -682370241L, -106811688L, 1643178742L, 
-1044089597L, -181772731L, -1189419422L, -589480496L, -694682887L, 
1546000427L, 631138204L, 90888138L, -1048727361L, 1834910217L, 
349530910L, 812364492L, -1592784227L, 2016577319L, -641963696L, 
424892398L, -1545291621L, 999772925L, 1538472426L, -764353912L, 
558150705L, -1793689949L, 81088164L, -488738990L, -747632985L, 
-546841871L, 1575203382L, 440970964L, 1139520101L, 1239806063L, 
-185810264L, -540504058L, 1058049331L, -1025359467L, -905798158L, 
-958217664L, -1441588311L, 1022137883L, 175599596L, 1159084026L, 
319196207L, 22080569L, -1971782066L, -171241828L, 259228685L, 
1307580535L, 1271894144L, 432760542L, 1348492715L, -1483698515L, 
1721889562L, -163869736L, 1836300353L, 1077765875L, 1821591828L, 
1746484386L, 696220087L, 251387265L, -183092346L, -1862035004L, 
-114503435L, 98771295L, -952570952L, 1523097238L, -1401681757L, 
-669289883L, -621135998L, 1248759024L, 479945881L, 1195220107L, 
137487740L, -185424982L, -1231260705L, 1331829097L, 755594622L, 
-544041620L, 1687211453L, 1194782343L, 1256438384L, -891846386L, 
-1923789253L, 2054716701L, 624674762L, 967930088L, 1357235153L, 
1497228739L, -743833916L, -1911962254L, 1886918727L, -1792668655L, 
2012589462L, -1163857676L, 1313561221L, -1495166001L, 1147099848L, 
-1238639770L, 1580294547L, 471640821L, -1919974702L, -944132832L, 
-1360804599L, -1897708997L, -2099357812L, -67799526L, -1605669233L, 
161327577L, -121020818L, -1392443908L, -1524562067L, 666169623L, 
917511392L, 498750142L, -790470517L, -1187709171L, 1364315962L, 
1904920440L, -1149412063L, 454983123L, 1349450996L, 1505752450L, 
-1534873577L, 172512993L, 2077610022L, -2062449372L, -1758794283L, 
-218738305L, -1917808616L, 1087549238L, 2036709827L, 1355380741L, 
1027079074L, -833673328L, 845251385L, 1808046059L, 1613412572L, 
-211769078L, 484055039L, -98887095L, 1535147998L, -1497116788L, 
1441070941L, 1923049319L, 597138576L, -1977634130L, 84848475L, 
